ἱ i'-
.. .
. ,Ιί-

ro

IV. Π33333333 3333333 33 ΠΙ.3333.Η3333333.Γ.131·3.3333
„pd‘ Η333333333 3333333113 33333333 33 3333333 33 13333333.
1133133 3333 33 33333. Π333ο13333 33311333 33 3313633333 Γ133333-
3333 3 3333133 1133331113 33 3333333 33 3333311333333 33 lamo-¹1
333 3333113 33333 orl 3333.
Va) ῐ133333 4 3333 33333333 Ι. 333333 33 Xenophon) tis dhre· ’
31331113Α1131133131Ι.ΙΙΙ.Ι031.ΙΙΙ.3333333333; 3333333 3 3311
333 3 3333333 1333 33 33 11333333333 y 3333333 33 03333 33 33·
3333333 3333 o Reenodonry. Π. 33333313Η311131111131113111). I. ΙΙ. y
3333333113 33 333333 3333 y 333333 03333)
6) Γ331133333 1 333 33 333333) 333333 33333333 3 3331133311
3333333333 33 3333331· 33 33333
a).¹lesnpa naerens 13333333 3333113 y 3333311 33333 33, 11333
333333 33333 333333 33 333333 33 3333 333333 33333, 13333 33 3333
· y 3333333 173333 3333 3 3333333311 3331133 333333 33 33333. Π3-
311333 3333113 3 33333333 36333333 33 3 3333 3333133113 33 3331133333 ·
Vl. 3) Ῐ133333 4 3333 33 333333 Ι. rosaja: Homeri Iliadis
lib. XIX. —.XX 3333333333, 3 3 33333 3 333 3 3333333 333 mro
33 33 1113333333 3333333 33 03333. Π. 333333), Herodoti lib. V.“
y 3333333331, 3 3 3333333 333333 1333 3 3 3333333 33 11333333.
Ida 33333333 33333333333) reparare 3333333 33333 333333333333333
6) Γ33333333 l 33333 333333 3333333 33333 33333333 3 upe-
331333311 33 3333333 33 33333.
3) Haemone memmae 3333113 333 3 V 3333333.
11113 3311333331. 333333. aDemos thenIs κατὰ ΦιλίππουΑ, Β. Γ.
3 3333333333 33 3311 3 3333333 33333 3 3333333 3311333333,
1133333 3 333333 333333 333333333. Im 33333333 33333333333
33313133 3331331· 33333333333 Π. 333333 Homeri Odysseae lib. Ι. Π. ·
ΠΙ. IV y 3333333113, 3 333333 3 3333333 33 3333333 33 33333 33
33333133 3333333 3311333333 3331133333 3333333.
6) Haemone 31333333 3333113 333 yV. 3333333. ,
VIII 3)ῑ1333133 4 3333 33333333 Ι. 333333. 31ΡΙ3 tems Apologia
3 3313313, 3 Homeri Odysseae XX. y opnrpflanJ 333 1333 33 33
Φ33333 3 3333333 1133333333, 33 1133333333 3333 3 33333333 33333
3333333333. 33033333 33 333333 l 333 3331333311. 333333) Sophoclis
Ant' ugone y 3333333313 3 3 3333333333, mro 33 33 33333333333
3333331333 3 3333333 33 3311 3333133 3336333311 33331333 3333113
3 3333333. Π333333 33333 33333333333.
Haemone 31333333 3333113 333 3 3 V. 3333333.

(133333) 3333

Ι. perper Hmenoau 3 3113333333 363333. Η3333 33333333, pa-
13333333 3 333333333333 3113133333 33333333. 03333333333333. Hp-
33133 33 3333333 331 333333 1733133 3333113 33 33333 3 33333113-
33133. III. 333333 33333 11333133 33333333 33 ΙΙ, 3333. ss H. 333333
333333 14 3333 1 333 31333333, 333 33113113 3333113

 

