46

6666, 66636636 6 666 6663 336 63633 66 63666, 666 666336 66 63633
3 6666333 66 36 6666666, 6636 363366 6336 0663 66666 6636666 6636

6666313336 66663636, 3336363366 36 66666, 6336 66133 666666366663666
6 666666666363666 3666666 666 3636666 66666, 66666636 66366.
ΙΠ6ο 66663636 636 6666 666 6636 6666 66366 666 333366 6666
333366, 66 36 6666, 363 66 y 663 6666663 66333666 33666, 6636 3 66·

Ι - 66633663 666636 66636136 336 66666666666 6666666 666366 33366, 66-

366666 666 633366 6666666 63 633 6636 666666 66666 3633 666), 66636
6666, 666 6633 666 6333166 66666366 66663666 336636 666 666, 66-
66636336 66666 663666, 66663 6366333, 6 66 666663, 3663 63636336
. 666666, 66666666 66336, 6666666 666 63 6336366 666666, 3 66666666
63 63666 6666 366666, 66661363 666666666. 3 66636 6666 66666666
66 6366336, 66666 6 666 66666 336 66 666666 66 36636666 6363366666
66636 6636666. ῐ66666 63666366, 6636 33636 666666 66636 6 636666 66
66 333366 666363366 666 66 66666 6666 66 66 66 66 6 6666666, 336663
36 66666 6 6666666 6636666666 63633663 666 ,666 66666 6666636666
366666336 66666 6636666 36336 633 666666 666666 36336- 666 3666
66666666 6666633 33663663, 6666633 66666663, 6666633 66666666666
- 6636 3666666 663666 6366666666666 6 663 ’66 663336 666336 6666
66633 663666, 6666 36 66 66663666666 66 6666- 66 36 6636666666
6666, 66 36 66666663666 66 66666 36666666, 66663 36636666 66663
663666 66336663 666 63333133, 3633666 66 66 363 36 333366 663666
6366636636 6 66666... 16366666 6336 66 6666633366, 66636666 636 66
6636666166, 66 6366 66 6633633 66 6666 666663 66636336 6666 6366 36
66 66666 6666666666 666666 66 666663 6 66666333. H 6666 366366
666 (3666 666666666636 336 66366666 66666336 66666366666 6666666,
666 36 66366663 3666666666 66366663). 066 663666 66366636 636666
6 3366666 66 66 3663 666 6636 666336 666633 66 66666 66 66666 6636
6633 66 3666 36336 666633 6666666 333366 66366 6666 666336 6666
6366 36 336636 6 63666366 6 6666666666. Y 6666, 3 63666636666663
6666 63666 36 666663636666* (J. A. Fronde, The science of history.)
Π36666336 66 06633, Α 66336, 66 63633, 666666 66 66 66666
66666666 66666 66663636 66366666 6663666666 366363366 66 666336-
66666666 66663636 Ι06666666, 6666666 66636666 66666666666, 66 66
6666663666 336 66 36 6 6633 66663 633 6666 66666366 0666, 666,
6633 666663 66663 6636 6666663669 6636 666666 66366 6666 636-
36336, 66366666 666666 666366, 66 3363 333366 666 633 Bora 3661366633,
6636 66 66636663 Η6666666 66666 6 6366666 3 66663636 636666
63666 6 63666666 6636336 66666663 36 0666) 666666 3 6636666666,
6636666 3 66666666. ,13336666 66 3 6666663 666666 666666, 6666
63 633Ι 6666666 36336 6 6666666 36336666 66 336 666666 6 63 6366 66-
6666636, 0666, 66336 363366 336666666 666666 6666633636 66 Ε666663,
63366666 3 6666663 6666666, 6666666 3 66663 6 6633663, 63636666
663366 6 66136366, 6633 3 6661366666 33663 33666 6666663 666666, 3366

33366666 Η6666666, 6336 6666666, 66336666 ,6666666666 6 666663633
6633666“ 336 63666336 66366666636 33666-· 6366363361 0666666 66-
66366 666 666 ,66366666 666666666“,63366666 6 6363666666, 6636

 

