47

33 0333333 3 333333 3330 33333330 303330 130 333 33 033333,
333333 03 03330333 3 30360 y 33333333333 3 303003333 33 Ρ300
33303, 33133 033333 ,300333 3333333113 0330 03333, 333030 03 3333
3 ymmo 3363, 330 003 03 03033 3033 33 0333333300 0 33333,
60303033333, 3033 Bory 33 33303, 03, 3033, 3330 03 333330, 63·
33333 03331333 30 333103 3033 33 33 33300333. 30303333333 603030
Β33333333 3330 33 je 0333330 03 0333 3 33333 3330300033 033030
3333333 3333, 3033 603 3333 30333 33 333 33 03 3033330 03333333,
333133 03 (1207) 30030 33333003 303333 03 033333 3013333 03303-
30333 3 033333030333 3033333013 3330333633133,Μ33333“ 30330 ·
33 3303 30 33333 33 Α3033 30330 3303033 60363 3 3333333303
033003333333 33 306033 33303303 333033 333 333033303 3333,
3033030303 0336003333 3 033303333, 6033033 3 03333. 33 30 3 3330
33330 303330 33 33033 3. j. 33 0363, 303330 33333 33 33333.

„Y 333333 333303333 3333033, 3 3333333 033333 3333 33 110-
ama: 3033333333, 33330303 3 3333333303 33 30 303333 30 03333
33 3 Τ33033, 0333 30 33330 3030 333033333 33303333, 303030
33330 00603 33333133 036333 03 333303 3333333, 03333333333 0333
33333 0333033, 3333030133 3333 3033333, 3333133330 33 33300033333
3 30333, 3333333330 333333 3 3330333, 333330 33033333 3 3333333
33333 3 30303, 30330303 3 33333333- 333333 33330303, 333333
333303031Μ333 3 0333, 30333 3 33333330303 112133303333030
3333333330 6333333 3 033 3033 03 30 3336033 33333 33 03333,
33333 3 3033333, 300303 3 3333333303 30 03360333 3 33333030033,
0 3333 303030 63033333 3330333 3333133 3 ,33330133 33033 333333-
6330“, 33 33333 33, 30 33 3303330 3333 33033030 3 333330 33
3363033 3 3333 33330 33 30, 0 3333 3333 33303. ss 303333 33 30303
6333333333, 33333033, 3333330 3333 333333 33333 333 03333 333-
33033, 033, 63333 3 0330333 0333330 3 333330 33 6333 333 330333
3333133333, 333 3 03333 033303 3 03303, 330 0330033333 3333033·
0303 (03 1220) 33333030 3333030333 Bennett⁸ 0333333, Ρ33003333
3 3333303333, - 33333133 3333 33333 33 33333333 33330033 ,0333-
331333 33333 333303330303 3 3333333 3 33333, 03 3333 33 003330
33 300303333 3 30333, 330 3330 30 30330, 3030 je 33033333 00303
0033333, 033333 03 3303333 3 333333, 3033 33 3333033 3303330
333303, Α3033333 (1233), 33 333303 303033 03033 30033 3 3306
11330303 3 Π33003333, 33 3033333 0633303330033 333033, 333033
330303 30 03333033, 33 3333 Μ3033. Y 30333333 033330, 33030 30
0 30 33333 303303333 030333 03 3303033333 3 33330333 0333333,
33333333 33 333333333333 333 Α333 3303 0330303 33333, 033333
33 303333 3 030303 030333 3333 33333 3033 03033333 33 330333
30033333 333333333 33 3333 3333 3 033 6030333303333 306033 00
,3 330333 3033 Βο33303, 330 33033 3 30333333333301333 3 333
3333 3 33333 Β33330303 063013 0313331433333331.23630333311

3333333330 0 03333 ,033333 3333033333 03333 03 3333333303
333063330033, 033333 33330333 333033, 033333 03303 3 633300303333
0333333 33330303330333 333333 3330333, 30333330 33 603 03330

 

