0οᾗ

10000000 000000 0 0000000

a) 00 000. xp. 000. 0000. 0000. 00000000 00000, 00000

00 6000000000 0 0000000.

ΓοᾹ. 2500.

Bp. 241. Y 000. 0000060 00 12. 00000000 60. 13293. 00 000-
000000 000000 00000000 00, 00 00 00000 00 Μο0000100 000000000
0000000οο 000000, 0000000000 060000000 00000. 190011901. 00 000
00000000 000000 000000, 00 0000 00000 0000000000, 0 0000000 00
0000000000 0060000 936000000οΕ0 00 000000 jesum.

Bp. 251. ,000000000οᾖ0 0000000 00 0000000000 00 0000000
00000 00000000 y 0000000 0000 Βο0. 60.-300. Βο000 000000 00-
00000 00 25. 00000000 1900. 60. 10489. 0000000000 000000 000000-
0000000 0000. 000000000 Β. Βο00100 00 0000Ι 00000, 0000 100 000 00-
000000 00, 0 00000 0 0000000 0000000 0000000 00000000.

Βο. 256. 00000000οο0 00 5. 00000 6. 15095. 0000010000 00, 00
00 00000 10. 000 000000000οο 000000 00000000 00 00000000 0000
Ηο00000 Βο0000000000 000000 0 00000000 3000000000 000 0000000000
0 0000000 0 0000. 0000000000000 00000000 000000000.

Bp. 284. Bne. 0000000 00 25. 00000 60. 14694. 0000000000 00,
00 00 ,Χο0001000000 00000000οα Μο00. Μο00000000100 0 ,Ηο000 0
60000000000 000000000οθ 0000οα Αο0000 3030000000οὴ0 0000 000-
0006000000 000 000000 0 000000000000 00000000 00000000.

Bp, 356. Γο0000 00000000 1600000000 00 139911900. 00000 00
00 0000000 000000 (4. 0000. 1900. 6. 16499.)

ΓΟᾹ 1901..

Bp. 55. 1000000000 0 00000000 0 0000000 0 0000000 00 Ι maj
1900f1901. 00000 00 00 0000000 000000 (1. 0000000 1901. 60. 2018.)

6) 00 000. 1100000αο0
. ΓΟᾹ. 1900.

Bp. 243. 1110000 0000000000000000 0000000000 οο 000000, 00
100 00 0 00000 70000. 0000000000 15000000 0. 0 00. 00000000οο0 Be·
mmaoewna 0 0000000000 00600000 00000 00000000 600000000οθ 000
0000000000 Ηο00000 (10000000 000000 0600 0 10 0. 00 00000000000.

Bp. 253. Ηο 00060 000000 00 00000000 0000 000 0000000000
0000100000 0000000000000 Πο000 Πο00 moja je npoflaben 00 je 0000000
0 0000000000οᾸ 000010 0 Πο10000000 0 00 000 000000000000 000-
00000 000 0000, 00001)οᾐ0 00 00000 0000000000 0000000000 6000
0000000000, 0000000000 00 0000000000000.

Βο. 339. 0000000 3116. 0000 Π, Γ. 103115. 0000600000 00 00

 

