“3ι1

Π333313333 3 33333333 33 333333 3 33 3333333 33 3333333 33
Μ3333333 3313633333 Π. 333. Β336333 3 npassonnoy 173333 3333
3 333363333333 33333333 33333333333 333333 33 333331333 3 110-
33333 633333, 33333 3 3333333 33 33333333. (133333 143333 33
1, 333 33333333, 333 333333 333333 33333 3333, mmo 33 3333333333.

III. Πο3333333 3 33333333 363333. Η3333 o 3333333333 3
3333333333. Π33333, 33333333 3 33333333333 33333333 33333333
33 Μ333ο333 3333333333. 1133333333 3 33333333 33 333333 3 33
3333333 33 3333333 33 Μ3333333 3333633333 33 ΙΠ. 3 1v. 333333.
173333 3333 3 33333333 33 33333. Ι133333, 33333333 3 3333333-
3333 33333 3 3333333 333333. 1133333333 33333333333 33 33333-
333 333333. (13333 3 333333 333 33333333 333 333333 333333 33333
3333, 3333 33 333333333.

IV. Η3333333 33333333 33333 3 33333363 3333333 3 333333.
Π33333333 33333333 33333333 3 333333 133333 3 3333333333 333· ’
33333333 3333, 33333333 33333 3333333333. Π33331333>3 33 33-
333333 33 333333 3333333333 33 3333333 3ο Μ3333333 33363-
3333 ΠΙ. 333. Β336333 3 3333333333. 113333 3333 3 33333333 33
33333. Ἶ33333, 3333313333 33333333 3 333333333333 33333333
3333333 3 333333333 333333. Π33313333 3 33333333333 33 33-
33333333 3.33333 ,113333333333 33333 333333. 03333 3 333333 333333
333 33333333 333333, 3333 3333333 33 3333333 3333 333333333333
3333, 3133 33333 333333333.

V. Π33333333 3 3333333333 33333333. Ἶ33333, 3333313333,
3333333 3 3333333333 33333333 333633333, 3333333333 3333333333
333333 33 3333333 Μ3333333 Ι. 333. Π3333333333 33333333 33-
33333 3 3336333 3333333333. Η333333ῴ33333333333,113333333333
33 33333 33333333 333333 Η3333333 'Jeamc 3333333 (13333 3 33
3333 333333 333 33333333 333333, 3333 3333333 33 3333333, 3333
333333333333 333333, 3333 33 333 3333333333.

Vl Ἶ33333 333 3333333, 3333333333 3 3333333333 33333333
333333 Ἶ333333 1113333331. 333. Π3333333333 333333333333333 3
3336333 3 333333333. Η333333 [333333333333 33 3333333333 33
3333333 33 3333333. noemma: 33333. ,33333333333 Η3333333 33333
3333333. 03333 3 333333 33 1, 333 33333333, 333 333333333333
333 3 V. 3333333.

VH. ῐ133333, 3333333 3 3333333133 33333333 3333333333 333333
3333333 33333333333 33 1133333333 33 Γ333333 3333311133333-
3333 3333333333 3 3333333 336333 3 333333 3333333333 3333333
Μ333ο3ο3 Π. 333 Π3333333333 33333333 3333333 3333633333
333333333. ,33333333333 Μ333333 33333, 3333333333 333333 33333
3 33 3333333333 33333333 33 33333333 3.33333333

VIII 171333 Ἶ33333, 3333333 3 333333333 33333333 333-
333333333333 333333333 3333333 33333333 6333333333333 333333-

3333, 33 Γ333333 33333 33 33333. 111333333333 3333333333 33 - Ι

3333333 363333 3 333333. ἰ1333 33 3333333 3333333 33331). Μ3333.
,113333333333 fla 33333 33333333 333333. Y 11. 333. 333333333-

 

