θ’.

63

66666 6666666666 6666666, 66666 6666 66 666666, 6666 66 66666, 6 66
’6666 66 666 6666666 66666 666 66666 66666, 6666 6666666666, 66
66 6666666 66666 66666666 66666666 6666 66666 66666666 6 666666.
11666666666 66 66 6 6666666166 6666666 66666 66 666, 666 66666
66666 66 6666 666 666666 6 6666666666 66 6666 666666 6 6666666,
666 6666 6 666666666 6 66666666 66 66666 66666666 y 666666 6666666
6666666 66 66166666, 6 666666 6666666666 6 66666 666666, 6666666
6 66666 6666 6 6666 666666 66 6666666 666666666.

Η666 66 0666666 666666 66666 6666 66666 6 66666 666666
6 0666666. .

Multis ille bonis flebilis occidit.“

-Η6 6666666666 66666 666666 66 6666 6666666666 6666 66666
66 6666666 6 6666666666 6666666 66666 6666666666 6666666666, 66
66666666 6 66666666 66 666666 6666666666 06. Β. Π666666 113-
666666666 666666 6666 6666 6666666 66666666 6 6666666 66666-
66666666 6666 66666666 6666666666 06. 666666. Πο 6666 66 66-
6666666 666 6666666 66 6666. 666666 66666 66666 666666666666666 ’-
66666666666666 6666666666, 666666666 6 6666666 66 66666 66 6666,
na 66666666 66666666 666666.

2. 66666 66666666 66 66666666 66 66666 6666666666 666 66666-
66666666666666 6666666666 66666 6666 6666666666. Η6666 66666-
6666 666666666 66 6666. 66666666 Μ. 6166666666, 6 66666666 66666
6666666666 6666666666 66 666666 666666666 66666666 6666666 Dr. Peop·
6666 flemis 66666666666 6 6666. 66666666666, 6666666666 Μ666666
,1666666 6666. 666666, 6 66666. Β66666666 Π6666666616, 6666. 666666.

06 21. 6666 66 1. 666666 66666666 66 6666666 666666 666-
6666666 6666666666 vm. 6666. ’

2. 666666 66666666 66 666 6666666 66 6666. 666666 Π6666- -
66666666 6. Ε66666 66. Ἶ666, 6666. 66666666, 6 666666. 6666666666
666666 66666666666 66 066666 6666666666 xpe. 0666. 6 6666666666.
06666666 66666666 66 666 6666. 6666 66 6666 66 666666 66666-
66666 Β, Β666666 Π666666666666 6666. 66666666 Ἶ666.

1666666 6666 66666666 66 6666666 66. ΙΠ666666 6666666666 66
666666 66666666666 6 66666666666 6666 6666 66666, 6 4. 6. 6.
6666 6666666 66 66666666666 66. 6666666666 6 Β66666.

15 666666 66666666 66 666666666 6666. Α6666 Π6666, 6666-
6666666 Β66. 666. 666. Β6666, 06666 66 6666666666 6 6666666 Rap-

Ι66666 6 666666666 666666 6 6666 66 6 66666 666666666, 6666 66
6666666666 6666666666 6 66666. 16666 666 6 6666666 66 66 6666666666.

1⁷ 666666 23. 666666 6666 66 666666666 66666 6666666666666,
a y 666666666 66 6666666 6666666666 66666666 6 6666666666 6 66-
66666666 6666666.

w-

 

