62

Ν

11 666666 6366666 6666111666. 96 6663 636666 6116 36 6661666 3
66666663 616666, 16166666 36 0166611 1166611 6 66666666 6361666666
666361 6666116.

(1616611 pag 113 6166666666 6661636 66 66116666 66 1666666 16636 -'
63 31666666 666163 1666666366611 63613663, 6 161 1867. 176663 ’
6616166 Τ66616 6 66361616 6616661 136636 Α13666663 066663 ’
6661166 6666666666666161 Α36666666666 6 Μ6136666616 (113616-
6636661163 1864. 366116 6363661166 66 661. 366666 6 ’661636; 1873,
Ρ661163 y 66616 6Χ6366636666 6116 66 66663 1877. Α663636 Β6666,
3636661666 636. 666. 166666636 66366661663 1880. 16666 Γ6316611.
3636661666 636. 666. 1611666636 8636666666 1883. Π6163 1666666611,
6361316663 66666 6613666666 1885. Γ36136 6666163633 636. 666,
161166663611636666166; 1886. 86666 Γ366, 6366 36366163 11636666-
666 1611616636; 1887. Π36661 66163636 666 166666636ς 1888. 16666 “
Π66166111, 663. 6 661336 636. 666. 1611666636 3 8636666666ς 1891.
- Π3666 616 1666116 636. 666. 1666666368636666166ς 1899. 6611 666 ’
3663666666 66366163 6 661366 6616666 36 „Y 66663 6 6661166 “
6 6666661616661616666 6361166 66666 Η161666 Β6661666166 66366
636666 Φ36666 7666136 I.“ 6366 6663 66663, 66661636 6 Χ6666 -
636116 Α613666116116 1892.. 166. 06611 1616 66666 y 666663 116666 Ι
6636 36 66 336666 66116 he 66 66 66666 6666 16663, 6666366 11 63.
1616611 1163666616666366163 63166 636116 166666. -

Τ666 y 3663 6 66663 66366666, 6666116116 6 66613116 66 6616-
636 6 363666 161166663611636666166 66116366 36 6 6663666 016616
6166611 66 166666 1854. 66 1896. 66666 66646366 6 66666666 66
66611 66613 33313 66666663 ΧΙΧ. 61666116. 01613666 36 6 6666666
66 y 6366366666 66366 616163 66166666 66616 31166 6 6666,
6616611616 16 36 6666 666366661666666 6666, 6636 36 66 66661611
166666, 666 636 636, 661666 6611366616 166166 3666 6311166666. Ax,
6636 30-40 166666, 11636 66666666 0166666 ι1666116 666 66 663-
636 66 61636666 6636611 66661366 36663666, 66 3 66636 636116 66·
66666616 66616363 6611663 611 66 366661 03616 1666166166 66 6666-
611611 61166613, 11666 6 66366, 166666 6 66366, 6363616661636
66366636, 6666 6636 66 6611616666, 36116 666 66136 6636 113 6633116
6366 16166616 3 6116666666 3631366166 63366616 6 66636166, 6636-
6316663 6666166 6 661616 616666 6616366616 16. ,11316 363 je
666666661661666661666 6661663 6 666 1616 36 6666 666166 666616
66, 66 he 3113616 6661636616161666116 66, 66636 66 163633 66616
1136661 6666 66166 666 666, 663666, 116 he 66 6666616 6361166316.
Πο666166 36 66666136366 66366 666666 6 36666 6 63316, 6636 63
666666 61636616 666661, 3661663666 16666 6666 6663666 66
6616 6 6136166 36 666 6363666 66 6366663 616 66 36666, 666
1616 116116 666.

36 01666666 ι16661166 66613 6661166666 3666666 63, 666 6
xlm, 66 661 6 661666 63166666 3666666. 116116 nx 31666169 0613
6636 6636 6366666666 6 66 66363 663661663 6666 6666666 6116

6666. 366616 66 63666 63 66613 31666 36661636, moja 66 6 6666

 

