34

33813838 8333388, 3838383888 y 3883833338333 38333338. V 888883
· 88 38333388 33633838 3 88138388 33813838 883838. 03838838 3383338
338338, 3333333833 38338, 38333 8388888383 38383888. Γ88383333838
8333383388 863388 Μ813388633 38388883 3388838 3 3883338. Τ838833
3388. Γ38838 83838 383888. Η833833883883333 833383883 38383338·
8888 38833388 3 33633833 8833888338

V. Ρ8333338; 28838 8838338, 48888838 838383338, 3883833833
6383883 3 838333 8383833 6383883 38338883 6383883 83883833 3
3383833333 383883338 338838 8383838 8 383383 3 8 83338 3838
838333. Γ883833338 2 8838 38383388 Π38333833338

VI. Ρ83333388 38383333838, 3833333838, 3838333333888. Ena·
33833338 383383338 8383383 3838838383. Γ8838333388 3 Ι. 383833
8383883833338; 3 Π. 383833 383383833338 3 38838 333383833338·

VH. Ρ83333388 3838833382. 8383838 88 388 3838838388 3883·
383838 3833883338 1. 8383838. Β8338333 838333, 3383388338 ,383333
3863338 386333 3 3333838, 38338 83836338333838 8 3383386838,
63383338338 3383338. Γ8838333388 3333888383333883 883833ς 83833·
33338 3883833338 3 3883333. Π388833 3338. 3338638 3 3883833338
3383838338.

VIII. Β8368 3 3833888383 383838333333 88383838. ΙΙ83883888
383838333333 383888 3838383338.

V 88338 388383338 38 38338 33838388838138 3888338

V 88338 3833833 3883883338 Α333638 3 Γ883833338 38 Μ83·
3333- Γο3363.

· Π333838338 3 (333338

Ι. 388383. 0333383338 863383 338336. 388833 33383888 3833388
Η8338 8 3338338838 3 388 8388833 3 8838833333 (3388333)3 3333
3383383 386833. Π88383388 383333 388838 33383838 3833888 Η8338
8 63338838. 03838888 3 8338338388 38383338 88388838 3883333333
383838 38 33388333 8838333333 8683833338, 33838338 3383833838
3833838, 38 33 88 888833 83838338.

Π. 0333383388 86338. Π3833 6 388833 33383838 3833388 Η8338
8 3388333838 3 388 33338, 38383838 33883838, 8838883838 3 3368.
Η8383338 863338 38 8838333 83838 68833338333 8333833388. Ho-
8383388 383333 388838 33383838 3833388 Η8338 0 63338838. Η8-
838338 88 86338 333838 3883838 33338833333 33338 88383838 3
33333133 333 3883388833 3833888 83838338 38..3838 Η8383338
3333338838.

ΠΙ. Φ33338. Ι.’ 3838388 8Π33338883 38338838 33883833883 338·
33833383883 383888 Ε8383383383338 33333 8333388833 (833838338
838388.) 0383333 ,3838388833 338883, 838833338 3 8383333338 3838388.
11333388883883338168383388 3833833. 888383 3 3833838, 833383
3 33838338 3833838. Π383838 863838 3 833388833; 38338383 3 33·
63383 3833838 8833383838 8383338833. ΠΙ33838 3833838 88338383 3
38838883, 83 3883838838 8838 38333883333 383883. 1388833 3833838.

 

