17. 11061111) 611101 0101 011 11011111 0) 11011. 160101 111
1011061 01011 1133p0113 11 110101011111011 1101110001) 1111010101)
1111011110 11111111 je, 01111111 11111111) 011 111010111106111001)
110001011011 01101001 611101 Μ111οῲ11 ΠΙοΒ111 1110101011111
110106101101 0101101011) 11 1100111 01 011111). 01011 1) 111-
0101101111 Η). 0101001, 11011111011 10010111 Γο01111οΕ1-11

1001111111111110111011.1111011 10 611) 1111001 1111 1060101011
0101), 6016101111 1011101111 1 6111111 1101111 01011 1101010111·
11011 1111100011 1111011011010111111110. Προῲ. 1601 1010011010)
11111111) 610 Je 11110161011 1101111101. Η) 10011110 101 10
1111111. 10011011111101010111010101011011).,1110111111 1011-
111010 1101) 110010 01111011) 01100110 00 011010011110011111111
1111111011 Β. Β11111 0111 p01111113:

,1111111011 1101011 101101 1 0111061 111011, 111) 1 11-
10111 010, 1011 0101010 11111011101) 101111 01101110, 11111111 10.
1100 0110110 1101106111 1111 111 1110111, 1 1111010101) 60111
1 1111101111 101) 11110111, 10011 110 0110, 110 100111, 1011001 00601,
11010 1 00111) 113 30p1103 11 1130 11111)1,110011110 10610 1111010,
01110101111111 1 101010111. -

Η110111 01111 1011101011 11111110111 61111, 10101101111,
1111110 10111010 1101011 01011, 10111111 101101),11111 100)-
111111, 110101111110110111 Π111 1110 011111 0) 0011111111111011111
1111101111, 10011 111111 0111101ῲ1111110101101111001111111,
11111 1111 1 0001111),101101111010101110,1101110 01111101) 1
11100101011011, 10 116010010101111110 1111111) 0111101011,
101) 00 011111111111 113 111101) 10111110101106),1110111601-
11111, 1101111111) 1011110 0101011010 01 0110101011. Πο10111
0111, 101 11111111 110101 101101) 10111111, 011111 1111) 010011
1 111, 01 00 111110111110111111111111 11111101 1101101) 1 10011
0111110011 1 1010010110 01001110, 1101111001101111101101·
1111011), 1 11111) je 11111110) 11111111 1110111001, 30 1101111 0
01101 10101101 011)1)1,1111111)0116111111001,111010 np0110 01111
111111) 10101 1011011 01011, 1 6011111001, 10101 00 1111 33 01011
111111 11011 1010 00 11111 1010101011 1 1011. 171101 010111 0111)-
1111 1110 je 01111)110110111,1110 0101111110 11111101, 1110101111 11,
10111111, 1 11010111 1101110101,1011101,101110100110110 011110
1101), 1100101110 010111110111101111011, 060111 101110111111
11101101 11111111111), 10 1001111 101) 61111, 1011 0111111111,
1111011 1 1111111).

Ηο 11111110 1111) 0110 11011111, 01010 1 1110101 11111110)
1111101 11101. Y 1101100 10101 000610110101011)111011111110·
1010110 1111111 1111111111 1101111011 1110110), 10011 110 1101111111
0 1010111101, 1011 11, 01611010 1 1011010, 1 0611101 101111
10611111), 1101011111 111111. Η16111111 0) 11101011) 10010010 1
1111111101, 3 11p011000 1010601101 0106111111 01111111101 1011011

1111111111 ’ 4

 

