35

He 1111131111 1131131111 01131111, 131111111113311111111,
11311111, 311111111111, 11111111, 3111111111, 13111111111131. 1·011
1111, 11111111 1 131111131131 ,Romanam 111111 1311311113
11111 1131131111 1111111131 1111111 1 1311113111111111131311-
11111111 11131113 111 Π11111, 11111111, 1111, 6111,11111111,1111.
Η1331111311131 1111111311 1 1111111111 11111111 1113111 Γ131111.

Π 111131ιο1111131106311 Ρ333111ο 0111111111 u 1111111111
1111116313111111111 111113111311311111111 33111113111 611
11161111 16113111111111111113. Η1316111131 1611111 11111111.

IV. Ι. 111131. Ha 1113111 o 111111111311131313311 1311111
1111111Π11111 1111111111 1111111 1113311611 311111111Μ11111ο-
11111 31111111111.311111111 1111111111.

111113111111111311111131Ε1111131111 111111313111111111
1111131111111. ,231631 1 11111 1111111, 111111111 1 1111111111 11111·
131111111111.Ε1111311111111 31111111111 Η1316111131113111
1113111113111111613111 1131111. 01331, 11311111 (13111111).
Roma 1111111 1 11313 1311111111 11111111 1111 111, 11131 113111· “
1316111133 11 1113111131Γ111113111111111111111113331, 1111111-
11111,1.1111131-1133311111311 11111111-1131311131Η131131111311 113-
111111131 11111131-111111111 ynpppe6e (1.113. 1111131111 11111111,
1111111111111111, Mopaeou 6311311.)

fla nexanmce: 0111 111111111611111161111131111113111, 1131-
1113111, 3111111111 1 3111111111 1111111111 1161113311 13111 33111-
11111 11111111111111ε11111111111 13111111 (11133 1131111 1133- ’
11111 (1111111113111111111 3111111. Rapo 11 1111331 3113131111
1111311111631111111131 (1311161111 11113 Tema, 311311·
131111 1161111. 0111111111 11 3111111111 111113111111611113 op
flencwsspcflnx: 111113. 0111111111 1 3111111111 1111111 11311111111
1111111111 1 11111113111 111111. Τ11111111, 13111 3111111131,
1111111111. Η1111111113111313133111111111 11111111111111313111.

Π. 1111311 131311113111111131111 1111111111.Ρ11111(111111133
1113111111111 13111111 Ρ1111111131 1313311 1111331111 1111131133
1111311111, 11131 11 11 1111133 1 111111 11 y 1111311111 1333111111.

Α311113311 1111113 113111111111131 1111311 11 1131131111 111-
1131111111111111131111 1 111111111111. Ε11131111 113111. 313111-
113111111111131111 11113111111111111 (Mariott ov 111113. Τ131
1111311 11131, 3131111133 11111 11111 31113161 31111111 1111313111·
13111111,11133111111111111,11113111111 Π31113111 1113111 11313111.

Hp 113111 0 1131310111131 113111, 11311, 1131111111, 1113111111,
133111,1311111,11111, 1111 Β1111111111, 11111111 111, 11331111-
11111131 13131111 ..113111 Ἶο11131 11111111. Τ111311. Ρ11131113111-
111111 3131111131 1131111311311111. Ἶο11131 311

1111113111 ο11111111111111131111111111.Π3111113111 311131· ,
11131111 1111111111, 1111 1311111113. 01311 1 111111111111.01.11·
33111 1111111 (11111 111131, 11111111 11111111, 13111111 13111131-
(3131.) Ρ111111116131,1311 0111,1113111111,11111131111 1111111131
113311111111113111 1311111 11 1611111

3*

 

