51

000 0060 0000 000 0060 13000 00000οο 0 00000000 00 00000000
vm. p 111000 1850. 30000 00 00 Πο00000000 300003000003 00
00300000 00000000, no 0000000 00 0303000 00 0003000 0300000 30
00 upana, 003030 330000000030000 0 0000000300 3 Βο03 0001854.
Το00 00 00 00003 000000030 33030000 0000030 000000οο0 0 00000-
000 300000 3 00000 3003000000, 0 000000 310000 03000 0300000 0
0030000 000 00030 6000000 00000, 0060 00000 00 000000 0000,
0030 00 0000 6pm10‚ 0 00000000 0003000, 30000060 00000303)κο
Ρο3000100, 00 00 300630 000 000000 0 0000000 0003000 300000
000000 00000003). 1300 3οο 00000 00 30 11pe 0000 000 30 000 00 300·
000000 000, 0000 (30ρο30 0000000 3 13003 0300000000 00 (30οοοο0030
03000000 03)οΦ000330 11030000 0030 30 0300οο 00 30ορ000 000000030000
0000000000 0 000 30 00 ι0000100 6000 0000000, 00 000 30300000
000000οο 003000 curriculum 0000300000.

00 00 0060, 00006ρο 1854. 0000 1896. 0000006ρο 000000, 00000
00 42 000000, 000000 0 pap 0000000 3100000 3 000000 03 0000000
0 00360000 0003 ,0000000000 0000000, 00003 0000000000030. Jep
00030 00οο 00000 000000 0000000 0000000, 000 30 00000 0000000
13000 0030 00 00 0000000000 0 0000000300 0010033 000000 0 npe-
0000000 03000000ρο 0 0030000Ρο 00. 31, 0000000 00000 0 00000000
03000000 ,0000000οκ 0 00000000 0000000, 0300000 03 3030000 0
00000, 0000000000 0000000000, 00030 33000003 ,00003300030“,
000 0030 0000000 300οι000 0000 3 0303000. 00 0000 0000 0030 600
30 030000 000 00000003 0000 03300 00 3 00000000 0300000000, 0000000
300000, 00000000 0 0030 00000 0000030000000000, 0003 03 00 030-
30000000 06300000 0 0006000, 00 nx 000000 000000 000 000000,
0003 00 00, 00000 0 00000600 0000000 000 3000000 00 603000,
0 0000000103 000000οι00, - 0000303300 0000003 3 00000, 0000600 .

¹ 0000033, 00303 3303 000000 00000000 600 0003 00000, 00360000
0000000οΜ 0300000000 00 0000 00 00000003, 0000 0 00 00300, 0030· ,
0000 0000 00000, 000 000 30 000 000000, 0300000 00 03 0 00
00003 00 000300 0000000οκ 000000 3 00003.

000000 0003οκ 0300000000 300οκ, 3000000000 0 3 03000, 0030
00003000 000 0000000 00033, 00 0000 0003003000 3 0000000333,
0 000000 03 00 00 0000 300000 0000003 0 000033 03000 0300000.
Ηο 03 00000000000 0000003 00000οο 00 00. ,3. 00 600 3000κο
0300000 000000 000310οο3000 0 00 1878. 003000000οο 00000 0 00300-
6000 03000000 0 03000000 0003 03 00000 0000 00000 00000000 00
00 nomo 00036000 00003) 0 3 00300 0003000 0003 0000 000 00000
000 0000030000 03060 00000, 0 00000 00 000300 0000000 00 00-
000300 060000 0 003000 000 000 30 0000000 0000 33100 0000000 000-
00000 0300000. 11000 30 0300000 03 0330 0 00 0000 0003, 303030
0000 0000003000 0030000030 0000303)οο 0030000, Μο0000 030000, 0000·
000000 00 0000000010 1300000000 0000000181813. 000 0000 00000 30
30 0003003, 0033 03 30 0000, 300 63031003 Πο000 Μο0000 00
00000 0000 030000 Χορο0030000 000 4 00000, Χο300030 0000 30
00000 000000 0000 00000000 0 οο 0003 000000 000000 30000 00οο

4*

 

