32

3333333333 3333333 333333 3333333 3333333333 no 33333333 333-
333333333 33333333333. 033333 333333 33 1, 3333333333 333333
333333 333 3333333333 3333333333 33333333.

3333333333 3 33333333

Ι 333333. 0333333333 33333333 33333333 3333333333 3333 3333·
33333. 3333333 333333 33333 333333 3333333333 3333333 3 331333
3333333 3 3336333. 0333333333 3 33333333 3333333333 3 333333-
3333 33333333 y 33333333 33333 333333, 333333 3333333333 33333 ’
3ο 3333333 3333 n 333333 33333.

, Γ33333 363333 monna 3 3333 3 3333333 33333363 33 333333
33333333 333333333333333 3333333 3 33333333 33 3333333333 33336333
3 Jowepnssaffie· y 333333 3333333333.

Π333ι3333 y 333333333333333333333333 333333333333 36333333.

Π. 3333333333 2 3333 33 333333. Α3333 3 3333333 110 3333-
33333 3 011pr y 3333333333333, 3333333333 3333 3 3333333333 3333
3333333, 36333333 33 33 3333333333 33333 333333 33 3333 333333·
333333 33 3333333333 3333333333 3333 33333 3333333333 36333333
03333 33333 33 33333333333, 33333333333 3333333 3 3333333333 33·
3333 3633333333 33 3333333333 3333333 33333 333333 3333333333.

333333. Π333333 no 33333, 333333 3 3333333 33333 333333
Ε33333 3 3333333 33333 33333 3333333333, 3333 33 3333333333
333 Α33 3 3 3333333.

6.) Jssomopnja 2 3333 33 3333333 03333 333. 03333333 333333
333333 33333. Η3333333333 3333 3 3333313333, 3333333333 33 33333333
333333 3 333333.

ΙΠ. 3 3333 33 3333333, 3333333333 33333333 3 333333.

333·33.33333 33333333 33333, 0 333333 33 3333 3333333
Π. 33333333 (33333333 Α3333333 3 3733333333, Α33ρ333 3 Ampa-
3333 33333 33333 3333333333 333 3 Π. 3333333, 3336333 3333 33
3333 33333333 3333333333 333333. Β3363 3 333333 333333333333
33333333333 3333333 (333 3 3 Π. 33333333.

6.) Howopnja: 333333 333. Η3333333333 ,3333 3 3333313333 3333-
633333 3633333 na 333333 3333333 33333 33 0333333.

lV 3333333333 23333 33 333333 Φ333333 3 3333333333
33333333 3333333333 3 37333333 33333333 33333333333 333 333 33333,
33 33633333 33333333 33 33 3333333333 333333 33333333, 33333333
333333 3 33333333 3333333 333333.

Β3363 3 333333 333333333333 33333333333 3333333.

6,) 3433333333 2 3333 na 333333. Η333 333. Η3333333333 3333
3333313333. Πο3333 333333 333333 33. 0333333 3333 333333 33·

3333333 36333.
· V. Πο3333 33333333 nexa, nonnemo Γ333 n Ρ3333333 ,Jo 333
3333 333333, 333333 33 3633333133 33 33333333 333333 3 33333333
110 Γ33333333- 3333333.
VI. Η3333333 33333333 3333 33 3333333 333333 3 333333 333,

 

