33²

888888 88 86888388 88 8888888883 83883883 888888, 8 8886888 88
888883 88888833 8 88 88888888 88 Β [88838183. “ “

VH. Π88888 888888 8888, 888888 88 86888388 88 onhy myst-1
8383 8 ‹mononemy 83883883 888888 8 88 88888888 88 16883883. ,

VIII. Ι. 88883 Π88888 0888888 888888 88 Χ8888888 8 888-
68888 8688888 88 888888 888888- 3888888 8888888838 88 Χ838183.
Π. 88883. 0888888888 888888- 3888888 8888888838 3 88188 ,888838888
8888888888 88 8888, 8888881333 3188 38 88 8888883888 883888 388888-
8888 8888888, 88 0888 8888 Π88888888 88188 8888888888 888 888
8888 8888 8883 888883.

1888888838. Η8 38888838 88 88888888888, (3888888888, 888888888
8888888838, 8886888 8 8888888 88888 xopo· 8 88888888838 3888888
8 8888 88888 8888888388 888888. Onera 1 8888888888 888888 888
8888883838 88 Χ838183, 8 8888888888 8888883838 8 888888838838 88
Μ8883888883.

Μ88888τ888

I. 888888. Ρ8838888. I. 8 Π. 8888388 8388888888 688388 838888.
Ρ88888 888388. ῐ188888 8888888 888388 8 888888888888 8 38888-
888888 88888 8 8888888888 688388888. Μ8888888 838888 8888 8
38888. Ρ8838888 88 88888888888888 688388888 ,238 888888 6883888,
8888888888 3 888888 8888888. Η833888888888838 8888888888 88868

88 88838888 8 8688888 8888888888 38 88888888 8838888888 8888
8 88388888888 8888888888. Π 888838 8Γ88888883888 888888888 86388.
0888888 8888888. Π88888, 8838, 838 8 38888888888 (88888888).
Η833888888888838 88838888 8888388.

Π. Ρ8838888ε Ρ8888888 88868 8 888888 8 88888888888. Ρ8-
838888 88 8888888888 8 88888888 8886888 3 88888 88888883888
88 8888888888. Π888888888 8888888888 8888888888 3 8688888 86-
88888. Γ88888 883888 8 8888883888 8888888888. 8888888888 888-
8888 8883888 388888688 8888888 8 88838 8888838888. Π8888888
8 38888888888 8868888 88838.

Γ88888883888 8888883888 86388 0388888888 (8888888883 8388888
8 838888. (1888888888 8888388 8 888888 38888868. Η838888838 8883-
8888 88388, 88888888388 8 8888888388.

ΙΠ. Ρ8838888. Ἶ88888 8888888 888388 8 88888 881888 688-
3888888 8 88888888888888888. Ἶ88888888 8 8813888 8888888888
888888. y 888883 8 8888888838888 888388888 888888388 6883 888,
88888888 88888888 8 8888883 38888868 8888 888888888 888 8813888
888888888 888888.

Γ8ο888883888 888888888 86388 8888888888 8838838888 8888-
888888, 8888888888 8 888888 888888. Μ88888 8388888 8 88888888.
Π888888888 8888888 88 888883 8838888888888388 888888. Η838888
88388 8888888888 8888888838888 888888.

IV. Ρ8838888. Η8388 8 38888888888 888888 883888 8388888

8 8 8888 8888888888 8 8 88888 888888 38888888888 8838888 8

mmmm 3

 

